Degrees   Value

000.00    0
001.41    1
002.81    2
004.22    3
005.63    4
007.03    5
008.44    6
009.84    7
011.25    8
012.66    9
014.06    10
015.47    11
016.88    12
018.28    13
019.69    14
021.09    15
022.50    16
023.91    17
025.31    18
026.72    19
028.13    20
029.53    21
030.94    22
032.34    23
033.75    24
035.16    25
036.56    26
037.97    27
039.38    28
040.78    29
042.19    30
043.59    31
045.00    32
046.41    33
047.81    34
049.22    35
050.63    36
052.03    37
053.44    38
054.84    39
056.25    40
057.66    41
059.06    42
060.47    43
061.87    44
063.28    45
064.69    46
066.09    47
067.50    48
068.91    49
070.31    50
071.72    51
073.13    52
074.53    53
075.94    54
077.34    55
078.75    56
080.16    57
081.56    58
082.97    59
084.38    60
085.78    61
087.19    62
088.59    63
090.00    64
091.41    65
092.81    66
094.22    67
095.63    68
097.03    69
098.44    70
099.84    71
101.25    72
102.66    73
104.06    74
105.47    75
106.88    76
108.28    77
109.69    78
111.09    79
112.50    80
113.91    81
115.31    82
116.72    83
118.13    84
119.53    85
120.94    86
122.34    87
123.75    88
125.16    89
126.56    90
127.97    91
129.38    92
130.78    93
132.19    94
133.59    95
135.00    96
136.41    97
137.81    98
139.22    99
140.63    100
142.03    101
143.44    102
144.84    103
146.25    104
147.66    105
149.06    106
150.47    107
151.88    108
153.28    109
154.69    110
156.09    111
157.50    112
158.91    113
160.31    114
161.72    115
163.13    116
164.53    117
165.94    118
167.34    119
168.75    120
170.16    121
171.56    122
172.97    123
174.38    124
175.78    125
177.19    126
178.59    127
180.00    128
181.41    129
182.81    130
184.22    131
185.63    132
187.03    133
188.44    134
189.84    135
191.25    136
192.66    137
194.06    138
195.47    139
196.88    140
198.28    141
199.69    142
201.09    143
202.50    144
203.91    145
205.31    146
206.72    147
208.13    148
209.53    149
210.94    150
212.34    151
213.75    152
215.16    153
216.56    154
217.97    155
219.38    156
220.78    157
222.19    158
223.59    159
225.00    160
226.41    161
227.81    162
229.22    163
230.62    164
232.03    165
233.44    166
234.84    167
236.25    168
237.66    169
239.06    170
240.47    171
241.88    172
243.28    173
244.69    174
246.09    175
247.50    176
248.91    177
250.31    178
251.72    179
253.13    180
254.53    181
255.94    182
257.34    183
258.75    184
260.16    185
261.56    186
262.97    187
264.38    188
265.78    189
267.19    190
268.59    191
270.00    192
271.41    193
272.81    194
274.22    195
275.63    196
277.03    197
278.44    198
279.84    199
281.25    200
282.66    201
284.06    202
285.47    203
286.88    204
288.28    205
289.69    206
291.09    207
292.50    208
293.91    209
295.31    210
296.72    211
298.13    212
299.53    213
300.94    214
302.34    215
303.75    216
305.16    217
306.56    218
307.97    219
309.38    220
310.78    221
312.19    222
313.59    223
315.00    224
316.41    225
317.81    226
319.22    227
320.63    228
322.03    229
323.44    230
324.84    231
326.25    232
327.66    233
329.06    234
330.47    235
331.88    236
333.28    237
334.69    238
336.09    239
337.50    240
338.91    241
340.31    242
341.72    243
343.13    244
344.53    245
345.94    246
347.34    247
348.75    248
350.16    249
351.56    250
352.97    251
354.38    252
355.78    253
357.19    254
358.59    255
360.00    256
361.41    257
362.81    258
364.22    259
365.63    260
367.03    261
368.44    262
369.84    263
371.25    264
372.66    265
374.06    266
375.47    267
376.88    268
378.28    269
379.69    270
381.09    271
382.50    272
383.91    273
385.31    274
386.72    275
388.13    276
389.53    277
390.94    278
392.34    279
393.75    280
395.16    281
396.56    282
397.97    283
399.38    284
400.78    285
402.19    286
403.59    287
405.00    288
406.41    289
407.81    290
409.22    291
410.63    292
412.03    293
413.44    294
414.84    295
416.25    296
417.66    297
419.06    298
420.47    299
421.88    300
423.28    301
424.69    302
426.09    303
427.50    304
428.91    305
430.31    306
431.72    307
433.13    308
434.53    309
435.94    310
437.34    311
438.75    312
440.16    313
441.56    314
442.97    315
444.38    316
445.78    317
447.19    318
448.59    319
450.00    320
451.41    321
452.81    322
454.22    323
455.63    324
457.03    325
458.44    326
459.84    327
461.25    328
462.66    329
464.06    330
465.47    331
466.88    332
468.28    333
469.69    334
471.09    335
472.50    336
473.91    337
475.31    338
476.72    339
478.13    340
479.53    341
480.94    342
482.34    343
483.75    344
485.16    345
486.56    346
487.97    347
489.37    348
490.78    349
492.19    350
493.59    351
495.00    352
496.41    353
497.81    354
499.22    355
500.63    356
502.03    357
503.44    358
504.84    359
506.25    360
507.66    361
509.06    362
510.47    363
511.88    364
513.28    365
514.69    366
516.09    367
517.50    368
518.91    369
520.31    370
521.72    371
523.13    372
524.53    373
525.94    374
527.34    375
528.75    376
530.16    377
531.56    378
532.97    379
534.38    380
535.78    381
537.19    382
538.59    383
540.00    384
541.41    385
542.81    386
544.22    387
545.63    388
547.03    389
548.44    390
549.84    391
551.25    392
552.66    393
554.06    394
555.47    395
556.88    396
558.28    397
559.69    398
561.09    399
562.50    400
563.91    401
565.31    402
566.72    403
568.13    404
569.53    405
570.94    406
572.34    407
573.75    408
575.16    409
576.56    410
577.97    411
579.38    412
580.78    413
582.19    414
583.59    415
585.00    416
586.41    417
587.81    418
589.22    419
590.63    420
592.03    421
593.44    422
594.84    423
596.25    424
597.66    425
599.06    426
600.47    427
601.88    428
603.28    429
604.69    430
606.09    431
607.50    432
608.91    433
610.31    434
611.72    435
613.13    436
614.53    437
615.94    438
617.34    439
618.75    440
620.16    441
621.56    442
622.97    443
624.38    444
625.78    445
627.19    446
628.59    447
630.00    448
631.41    449
632.81    450
634.22    451
635.63    452
637.03    453
638.44    454
639.84    455
641.25    456
642.66    457
644.06    458
645.47    459
646.88    460
648.28    461
649.69    462
651.09    463
652.50    464
653.91    465
655.31    466
656.72    467
658.13    468
659.53    469
660.94    470
662.34    471
663.75    472
665.16    473
666.56    474
667.97    475
669.38    476
670.78    477
672.19    478
673.59    479
675.00    480
676.41    481
677.81    482
679.22    483
680.63    484
682.03    485
683.44    486
684.84    487
686.25    488
687.66    489
689.06    490
690.47    491
691.88    492
693.28    493
694.69    494
696.09    495
697.50    496
698.91    497
700.31    498
701.72    499
703.13    500
704.53    501
705.94    502
707.34    503
708.75    504
710.16    505
711.56    506
712.97    507
714.38    508
715.78    509
717.19    510
718.59    511
720.00    512
